0.0021:  (0, 3, 4), 128344
0.0020:  (0, 4, 4), 128345
0.0019:  (0, 5, 4), 128345
0.0019:  (0, 6, 4), 128345
0.0019:  (0, 7, 4), 128345
0.0019:  (0, 8, 4), 128345
0.0019:  (0, 9, 4), 128345
0.0019:  (0, 10, 4), 128345
0.0019:  (0, 11, 4), 128345
0.0020:  (0, 0, 5), 128296
0.0019:  (0, 1, 5), 128296
0.0019:  (0, 2, 5), 128296
0.0019:  (0, 3, 5), 128296
0.0019:  (0, 4, 5), 128296
0.0019:  (0, 5, 5), 128296
0.0019:  (0, 6, 5), 128296
0.0019:  (0, 7, 5), 128296
0.0019:  (0, 8, 5), 128296
0.0019:  (0, 9, 5), 128296
0.0019:  (0, 10, 5), 128296
0.0019:  (0, 11, 5), 128296
0.0019:  (0, 0, 6), 128296
0.0019:  (0, 1, 6), 128296
0.0019:  (0, 2, 6), 128296
0.0019:  (0, 3, 6), 128296
0.0019:  (0, 4, 6), 128296
0.0019:  (0, 5, 6), 128296
0.0019:  (0, 6, 6), 128296
0.0019:  (0, 7, 6), 128296
0.0019:  (0, 8, 6), 128296
0.0019:  (0, 9, 6), 128296
0.0019:  (0, 10, 6), 128296
0.0020:  (0, 11, 6), 128296
0.0019:  (0, 0, 7), 128296
0.0019:  (0, 1, 7), 128296
0.0019:  (0, 2, 7), 128296
0.0019:  (0, 3, 7), 128296
0.0020:  (0, 4, 7), 128296
0.0019:  (0, 5, 7), 128296
0.0019:  (0, 6, 7), 128296
0.0019:  (0, 7, 7), 128296
0.0019:  (0, 8, 7), 128296
0.0019:  (0, 9, 7), 128296
0.0019:  (0, 10, 7), 128296
0.0019:  (0, 11, 7), 128296
0.0019:  (0, 0, 8), 128296
0.0019:  (0, 1, 8), 128296
0.0019:  (0, 2, 8), 128296
0.0019:  (0, 3, 8), 128296
0.0019:  (0, 4, 8), 128296
0.0019:  (0, 5, 8), 128296
0.0019:  (0, 6, 8), 128296
0.0019:  (0, 7, 8), 128296
0.0019:  (0, 8, 8), 128296
0.0019:  (0, 9, 8), 128296
0.0019:  (0, 10, 8), 128296
0.0019:  (0, 11, 8), 128296
0.0019:  (0, 0, 9), 128296
0.0019:  (0, 1, 9), 128296
0.0019:  (0, 2, 9), 128296
0.0019:  (0, 3, 9), 128296
0.0019:  (0, 4, 9), 128296
0.0019:  (0, 5, 9), 128296
0.0019:  (0, 6, 9), 128296
0.0019:  (0, 7, 9), 128296
0.0019:  (0, 8, 9), 128296
0.0019:  (0, 9, 9), 128296
0.0019:  (0, 10, 9), 128296
0.0019:  (0, 11, 9), 128296
0.0019:  (0, 0, 10), 128296
0.0019:  (0, 1, 10), 128296
0.0019:  (0, 2, 10), 128296
0.0019:  (0, 3, 10), 128296
0.0019:  (0, 4, 10), 128296
0.0019:  (0, 5, 10), 128296
0.0019:  (0, 6, 10), 128296
0.0019:  (0, 7, 10), 128296
0.0020:  (0, 8, 10), 128296
0.0019:  (0, 9, 10), 128296
0.0019:  (0, 10, 10), 128296
0.0019:  (0, 11, 10), 128296
0.0019:  (0, 0, 11), 128296
0.0019:  (0, 1, 11), 128296
0.0019:  (0, 2, 11), 128296
0.0019:  (0, 3, 11), 128296
0.0019:  (0, 4, 11), 128296
0.0019:  (0, 5, 11), 128296
0.0019:  (0, 6, 11), 128296
0.0019:  (0, 7, 11), 128296
0.0019:  (0, 8, 11), 128296
0.0019:  (0, 9, 11), 128296
0.0019:  (0, 10, 11), 128296
0.0019:  (0, 11, 11), 128296
0.0019:  (0, 0, 12), 128296
0.0019:  (0, 1, 12), 128296
0.0019:  (0, 2, 12), 128296
0.0019:  (0, 3, 12), 128296
0.0019:  (0, 4, 12), 128296
0.0019:  (0, 5, 12), 128296
0.0019:  (0, 6, 12), 128296
0.0019:  (0, 7, 12), 128296
0.0019:  (0, 8, 12), 128296
0.0019:  (0, 9, 12), 128296
0.0019:  (0, 10, 12), 128296
0.0019:  (0, 11, 12), 128296
0.0019:  (0, 0, 13), 128296
0.0020:  (0, 1, 13), 128296
0.0019:  (0, 2, 13), 128296
0.0019:  (0, 3, 13), 128296
0.0019:  (0, 4, 13), 128296
0.0019:  (0, 5, 13), 128296
0.0019:  (0, 6, 13), 128296
0.0019:  (0, 7, 13), 128296
0.0019:  (0, 8, 13), 128296
0.0019:  (0, 9, 13), 128296
0.0019:  (0, 10, 13), 128296
0.0019:  (0, 11, 13), 128296
0.0019:  (0, 0, 14), 128296
0.0019:  (0, 1, 14), 128296
0.0019:  (0, 2, 14), 128296
0.0019:  (0, 3, 14), 128296
0.0019:  (0, 4, 14), 128296
0.0019:  (0, 5, 14), 128296
0.0019:  (0, 6, 14), 128296
0.0019:  (0, 7, 14), 128296
0.0019:  (0, 8, 14), 128296
0.0019:  (0, 9, 14), 128296
0.0019:  (0, 10, 14), 128296
0.0019:  (0, 11, 14), 128296
0.0019:  (0, 0, 15), 128296
0.0019:  (0, 1, 15), 128296
0.0019:  (0, 2, 15), 128296
0.0019:  (0, 3, 15), 128296
0.0019:  (0, 4, 15), 128296
0.0019:  (0, 5, 15), 128296
0.0019:  (0, 6, 15), 128296
0.0019:  (0, 7, 15), 128296
0.0019:  (0, 8, 15), 128296
0.0019:  (0, 9, 15), 128296
0.0019:  (0, 10, 15), 128296
0.0019:  (0, 11, 15), 128296
0.0019:  (0, 0, 16), 128296
0.0019:  (0, 1, 16), 128296
0.0019:  (0, 2, 16), 128296
0.0019:  (0, 3, 16), 128296
0.0019:  (0, 4, 16), 128296
0.0019:  (0, 5, 16), 128296
0.0019:  (0, 6, 16), 128296
0.0019:  (0, 7, 16), 128296
0.0019:  (0, 8, 16), 128296
0.0019:  (0, 9, 16), 128296
0.0019:  (0, 10, 16), 128296
0.0019:  (0, 11, 16), 128296
0.0019:  (0, 0, 17), 128296
0.0151:  (0, 0, 0), 128126
0.0019:  (0, 1, 0), 128126
0.0019:  (0, 2, 0), 128126
0.0019:  (0, 3, 0), 128126
0.0019:  (0, 4, 0), 128126
0.0019:  (0, 5, 0), 128126
0.0019:  (0, 6, 0), 128126
0.0019:  (0, 7, 0), 128126
0.0019:  (0, 8, 0), 128126
0.0019:  (0, 9, 0), 128126
0.0019:  (0, 10, 0), 128126
0.0019:  (0, 11, 0), 128126
0.0019:  (0, 0, 1), 128126
0.0019:  (0, 1, 1), 128126
0.0019:  (0, 2, 1), 128126
0.0019:  (0, 3, 1), 128126
0.0019:  (0, 4, 1), 128126
0.0019:  (0, 5, 1), 128126
0.0019:  (0, 6, 1), 128126
0.0019:  (0, 7, 1), 128126
0.0019:  (0, 8, 1), 128126
0.0019:  (0, 9, 1), 128126
0.0019:  (0, 10, 1), 128126
0.0019:  (0, 11, 1), 128126
0.0019:  (0, 0, 2), 128126
0.0019:  (0, 1, 2), 128126
0.0019:  (0, 2, 2), 128126
0.0019:  (0, 3, 2), 128126
0.0020:  (0, 4, 2), 128126
0.0019:  (0, 5, 2), 128126
0.0019:  (0, 6, 2), 128126
0.0019:  (0, 7, 2), 128126
0.0019:  (0, 8, 2), 128126
0.0019:  (0, 9, 2), 128126
0.0019:  (0, 10, 2), 128126
0.0019:  (0, 11, 2), 128126
0.0019:  (0, 0, 3), 128126
0.0019:  (0, 1, 3), 128126
0.0019:  (0, 2, 3), 128126
0.0019:  (0, 3, 3), 128126
0.0019:  (0, 4, 3), 128126
0.0019:  (0, 5, 3), 128126
0.0019:  (0, 6, 3), 128126
0.0019:  (0, 7, 3), 128126
0.0019:  (0, 8, 3), 128126
0.0019:  (0, 9, 3), 128126
0.0019:  (0, 10, 3), 128126
0.0019:  (0, 11, 3), 128126
0.0019:  (0, 0, 4), 128126
0.0019:  (0, 1, 4), 128126
0.0019:  (0, 2, 4), 128126
0.0019:  (0, 3, 4), 128126
0.0019:  (0, 4, 4), 128126
0.0019:  (0, 5, 4), 128126
0.0019:  (0, 6, 4), 128126
0.0019:  (0, 7, 4), 128126
0.0019:  (0, 8, 4), 128126
0.0020:  (0, 9, 4), 128126
0.0019:  (0, 10, 4), 128126
0.0019:  (0, 11, 4), 128126
0.0019:  (0, 0, 5), 128126
0.0019:  (0, 1, 5), 128126
0.0019:  (0, 2, 5), 128126
0.0019:  (0, 3, 5), 128126
0.0019:  (0, 4, 5), 128126
0.0019:  (0, 5, 5), 128126
0.0019:  (0, 6, 5), 128126
0.0019:  (0, 7, 5), 128126
0.0019:  (0, 8, 5), 128126
0.0019:  (0, 9, 5), 128126
0.0019:  (0, 10, 5), 128126
0.0019:  (0, 11, 5), 128126
0.0019:  (0, 0, 6), 128126
0.0019:  (0, 1, 6), 128126
0.0019:  (0, 2, 6), 128126
0.0019:  (0, 3, 6), 128126
0.0019:  (0, 4, 6), 128126
0.0019:  (0, 5, 6), 128126
0.0019:  (0, 6, 6), 128126
0.0019:  (0, 7, 6), 128126
0.0019:  (0, 8, 6), 128126
0.0019:  (0, 9, 6), 128126
0.0019:  (0, 10, 6), 128126
0.0019:  (0, 11, 6), 128126
0.0019:  (0, 0, 7), 128126
0.0019:  (0, 1, 7), 128126
0.0019:  (0, 2, 7), 128126
0.0019:  (0, 3, 7), 128126
0.0019:  (0, 4, 7), 128126
0.0019:  (0, 5, 7), 128126
0.0019:  (0, 6, 7), 128126
0.0019:  (0, 7, 7), 128126
0.0019:  (0, 8, 7), 128126
0.0019:  (0, 9, 7), 128126
0.0019:  (0, 10, 7), 128126
0.0019:  (0, 11, 7), 128126
0.0019:  (0, 0, 8), 128126
0.0020:  (0, 1, 8), 128126
0.0019:  (0, 2, 8), 128126
0.0019:  (0, 3, 8), 128126
0.0019:  (0, 4, 8), 128126
0.0019:  (0, 5, 8), 128126
0.0019:  (0, 6, 8), 128126
0.0019:  (0, 7, 8), 128126
0.0019:  (0, 8, 8), 128126
0.0019:  (0, 9, 8), 128126
0.0019:  (0, 10, 8), 128126
0.0019:  (0, 11, 8), 128126
0.0019:  (0, 0, 9), 128126
0.0019:  (0, 1, 9), 128126
0.0019:  (0, 2, 9), 128126
0.0019:  (0, 3, 9), 128126
0.0019:  (0, 4, 9), 128126
0.0019:  (0, 5, 9), 128126
0.0019:  (0, 6, 9), 128126
0.0019:  (0, 7, 9), 128126
0.0019:  (0, 8, 9), 128126
0.0019:  (0, 9, 9), 128126
0.0019:  (0, 10, 9), 128126
0.0019:  (0, 11, 9), 128126
0.0019:  (0, 0, 10), 128126
0.0019:  (0, 1, 10), 128126
0.0019:  (0, 2, 10), 128126
0.0019:  (0, 3, 10), 128126
0.0019:  (0, 4, 10), 128126
0.0019:  (0, 5, 10), 128126
0.0020:  (0, 6, 10), 128126
0.0019:  (0, 7, 10), 128126
0.0019:  (0, 8, 10), 128126
0.0019:  (0, 9, 10), 128126
0.0019:  (0, 10, 10), 128126
0.0019:  (0, 11, 10), 128126
0.0019:  (0, 0, 11), 128126
0.0019:  (0, 1, 11), 128126
0.0019:  (0, 2, 11), 128126
0.0019:  (0, 3, 11), 128126
0.0019:  (0, 4, 11), 128126
0.0019:  (0, 5, 11), 128126
0.0019:  (0, 6, 11), 128126
0.0019:  (0, 7, 11), 128126
0.0019:  (0, 8, 11), 128126
0.0019:  (0, 9, 11), 128126
0.0019:  (0, 10, 11), 128126
0.0019:  (0, 11, 11), 128126
0.0019:  (0, 0, 12), 128126
0.0019:  (0, 1, 12), 128126
0.0019:  (0, 2, 12), 128126
0.0019:  (0, 3, 12), 128126
0.0019:  (0, 4, 12), 128126
0.0019:  (0, 5, 12), 128126
0.0019:  (0, 6, 12), 128126
0.0019:  (0, 7, 12), 128126
0.0019:  (0, 8, 12), 128126
0.0019:  (0, 9, 12), 128126
0.0019:  (0, 10, 12), 128126
0.0019:  (0, 11, 12), 128126
0.0019:  (0, 0, 13), 128126
0.0019:  (0, 1, 13), 128126
0.0019:  (0, 2, 13), 128126
0.0019:  (0, 3, 13), 128126
0.0019:  (0, 4, 13), 128126
0.0019:  (0, 5, 13), 128126
0.0019:  (0, 6, 13), 128126
0.0019:  (0, 7, 13), 128126
0.0019:  (0, 8, 13), 128126
0.0019:  (0, 9, 13), 128126
0.0020:  (0, 10, 13), 128126
0.0019:  (0, 11, 13), 128126
0.0019:  (0, 0, 14), 128126
0.0019:  (0, 1, 14), 128126
0.0019:  (0, 2, 14), 128126
0.0019:  (0, 3, 14), 128126
0.0019:  (0, 4, 14), 128126
0.0019:  (0, 5, 14), 128126
0.0019:  (0, 6, 14), 128126
0.0019:  (0, 7, 14), 128126
0.0019:  (0, 8, 14), 128126
0.0019:  (0, 9, 14), 128126
0.0019:  (0, 10, 14), 128126
0.0019:  (0, 11, 14), 128126
0.0019:  (0, 0, 15), 128126
0.0019:  (0, 1, 15), 128126
0.0019:  (0, 2, 15), 128126
0.0019:  (0, 3, 15), 128126
0.0019:  (0, 4, 15), 128126
0.0019:  (0, 5, 15), 128126
0.0019:  (0, 6, 15), 128126
0.0019:  (0, 7, 15), 128126
0.0019:  (0, 8, 15), 128126
0.0019:  (0, 9, 15), 128126
0.0019:  (0, 10, 15), 128126
0.0019:  (0, 11, 15), 128126
0.0019:  (0, 0, 16), 128126
0.0019:  (0, 1, 16), 128126
0.0019:  (0, 2, 16), 128126
0.0019:  (0, 3, 16), 128126
0.0019:  (0, 4, 16), 128126
0.0019:  (0, 5, 16), 128126
0.0019:  (0, 6, 16), 128126
0.0019:  (0, 7, 16), 128126
0.0019:  (0, 8, 16), 128126
0.0019:  (0, 9, 16), 128126
0.0019:  (0, 10, 16), 128126
0.0019:  (0, 11, 16), 128126
0.0019:  (0, 0, 17), 128126
0.0019:  (0, 1, 17), 128126
0.0020:  (0, 2, 17), 128126
0.0019:  (0, 3, 17), 128126
0.0019:  (0, 4, 17), 128126
0.0019:  (0, 5, 17), 128126
0.0019:  (0, 6, 17), 128126
0.0019:  (0, 7, 17), 128126
0.0019:  (0, 8, 17), 128126
0.0019:  (0, 9, 17), 128126
0.0019:  (0, 10, 17), 128126
0.0019:  (0, 11, 17), 128126
0.0019:  (0, 0, 18), 128126
0.0019:  (0, 1, 18), 128126
0.0019:  (0, 2, 18), 128126
0.0019:  (0, 3, 18), 128126
0.0019:  (0, 4, 18), 128126
0.0019:  (0, 5, 18), 128126
0.0019:  (0, 6, 18), 128126
0.0019:  (0, 7, 18), 128126
0.0019:  (0, 8, 18), 128126
0.0019:  (0, 9, 18), 128126
0.0019:  (0, 10, 18), 128126
0.0019:  (0, 11, 18), 128126
0.0019:  (0, 0, 19), 128126
0.0019:  (0, 1, 19), 128126
0.0019:  (0, 2, 19), 128126
0.0019:  (0, 3, 19), 128126
0.0019:  (0, 4, 19), 128126
0.0019:  (0, 5, 19), 128126
0.0019:  (0, 6, 19), 128126
0.0020:  (0, 7, 19), 128126
0.0019:  (0, 8, 19), 128126
0.0019:  (0, 9, 19), 128126
0.0019:  (0, 10, 19), 128126
0.0019:  (0, 11, 19), 128126
0.0019:  (0, 0, 20), 128126
0.0019:  (0, 1, 20), 128126
0.0019:  (0, 2, 20), 128126
0.0019:  (0, 3, 20), 128126
0.0019:  (0, 4, 20), 128126
0.0019:  (0, 5, 20), 128126
0.0019:  (0, 6, 20), 128126
0.0019:  (0, 7, 20), 128126
0.0019:  (0, 8, 20), 128126
0.0019:  (0, 9, 20), 128126
0.0019:  (0, 10, 20), 128126
0.0019:  (0, 11, 20), 128126
0.0019:  (0, 0, 21), 128126
0.0019:  (0, 1, 21), 128126
0.0019:  (0, 2, 21), 128126
0.0019:  (0, 3, 21), 128126
0.0020:  (0, 4, 21), 128126
0.0019:  (0, 5, 21), 128126
0.0019:  (0, 6, 21), 128126
0.0019:  (0, 7, 21), 128126
0.0019:  (0, 8, 21), 128126
0.0019:  (0, 9, 21), 128126
0.0019:  (0, 10, 21), 128126
0.0019:  (0, 11, 21), 128126
0.0019:  (0, 0, 22), 128126
0.0019:  (0, 1, 22), 128126
0.0019:  (0, 2, 22), 128126
0.0019:  (0, 3, 22), 128126
0.0019:  (0, 4, 22), 128126
0.0019:  (0, 5, 22), 128126
0.0019:  (0, 6, 22), 128126
0.0019:  (0, 7, 22), 128126
0.0019:  (0, 8, 22), 128126
0.0019:  (0, 9, 22), 128126
0.0019:  (0, 10, 22), 128126
0.0020:  (0, 11, 22), 128126
0.0019:  (0, 0, 23), 128126
0.0019:  (0, 1, 23), 128126
0.0019:  (0, 2, 23), 128126
0.0019:  (0, 3, 23), 128126
0.0019:  (0, 4, 23), 128126
0.0019:  (0, 5, 23), 128126
0.0019:  (0, 6, 23), 128126
0.0019:  (0, 7, 23), 128126
0.0019:  (0, 8, 23), 128126
0.0019:  (0, 9, 23), 128126
0.0019:  (0, 10, 23), 128126
0.0019:  (0, 11, 23), 128126
0.0019:  (0, 0, 24), 128126
0.0019:  (0, 1, 24), 128126
0.0019:  (0, 2, 24), 128126
0.0019:  (0, 3, 24), 128126
0.0019:  (0, 4, 24), 128126
0.0019:  (0, 5, 24), 128126
0.0019:  (0, 6, 24), 128126
0.0019:  (0, 7, 24), 128126
0.0019:  (0, 8, 24), 128126
0.0019:  (0, 9, 24), 128126
0.0019:  (0, 10, 24), 128126
0.0019:  (0, 11, 24), 128126
0.0019:  (0, 0, 25), 128126
0.0019:  (0, 1, 25), 128126
0.0019:  (0, 2, 25), 128126
0.0019:  (0, 3, 25), 128126
0.0019:  (0, 4, 25), 128126
0.0019:  (0, 5, 25), 128126
0.0019:  (0, 6, 25), 128126
0.0019:  (0, 7, 25), 128126
0.0019:  (0, 8, 25), 128126
0.0020:  (0, 9, 25), 128126
0.0019:  (0, 10, 25), 128126
0.0019:  (0, 11, 25), 128126
0.0019:  (0, 0, 26), 128126
0.0019:  (0, 1, 26), 128126
0.0019:  (0, 2, 26), 128126
0.0019:  (0, 3, 26), 128126
0.0019:  (0, 4, 26), 128126
0.0019:  (0, 5, 26), 128126
0.0019:  (0, 6, 26), 128126
0.0019:  (0, 7, 26), 128126
0.0019:  (0, 8, 26), 128126
0.0019:  (0, 9, 26), 128126
0.0019:  (0, 10, 26), 128126
0.0019:  (0, 11, 26), 128126
0.0019:  (0, 0, 27), 128126
0.0019:  (0, 1, 27), 128126
0.0019:  (0, 2, 27), 128126
0.0019:  (0, 3, 27), 128126
0.0019:  (0, 4, 27), 128126
0.0019:  (0, 5, 27), 128126
0.0019:  (0, 6, 27), 128126
0.0019:  (0, 7, 27), 128126
0.0019:  (0, 8, 27), 128126
0.0019:  (0, 9, 27), 128126
0.0019:  (0, 10, 27), 128126
0.0019:  (0, 11, 27), 128126
0.0019:  (0, 0, 28), 128126
0.0019:  (0, 1, 28), 128126
0.0020:  (0, 2, 28), 128126
0.0019:  (0, 3, 28), 128126
0.0019:  (0, 4, 28), 128126
0.0019:  (0, 5, 28), 128126
0.0019:  (0, 6, 28), 128126
0.0019:  (0, 7, 28), 128126
0.0019:  (0, 8, 28), 128126
0.0019:  (0, 9, 28), 128126
0.0019:  (0, 10, 28), 128126
0.0019:  (0, 11, 28), 128126
0.0019:  (0, 0, 29), 128126
0.0019:  (0, 1, 29), 128126
0.0019:  (0, 2, 29), 128126
0.0019:  (0, 3, 29), 128126
0.0019:  (0, 4, 29), 128126
0.0019:  (0, 5, 29), 128126
0.0019:  (0, 6, 29), 128126
0.0019:  (0, 7, 29), 128126
0.0019:  (0, 8, 29), 128126
0.0019:  (0, 9, 29), 128126
0.0019:  (0, 10, 29), 128126
0.0019:  (0, 11, 29), 128126
0.0019:  (0, 0, 30), 128126
0.0019:  (0, 1, 30), 128126
0.0019:  (0, 2, 30), 128126
0.0019:  (0, 3, 30), 128126
0.0019:  (0, 4, 30), 128126
0.0019:  (0, 5, 30), 128126
0.0019:  (0, 6, 30), 128126
0.0019:  (0, 7, 30), 128126
0.0019:  (0, 8, 30), 128126
0.0019:  (0, 9, 30), 128126
0.0019:  (0, 10, 30), 128126
0.0019:  (0, 11, 30), 128126
0.0020:  (0, 0, 31), 128126
0.0148:  (0, 0, 0), 128125
0.0019:  (0, 1, 0), 128125
0.0019:  (0, 2, 0), 128125
0.0019:  (0, 3, 0), 128125
0.0019:  (0, 4, 0), 128125
0.0019:  (0, 5, 0), 128125
0.0019:  (0, 6, 0), 128125
0.0019:  (0, 7, 0), 128125
0.0019:  (0, 8, 0), 128125
0.0019:  (0, 9, 0), 128125
0.0019:  (0, 10, 0), 128125
0.0019:  (0, 11, 0), 128125
0.0019:  (0, 0, 1), 128125
0.0019:  (0, 1, 1), 128125
0.0019:  (0, 2, 1), 128125
0.0019:  (0, 3, 1), 128125
0.0019:  (0, 4, 1), 128125
0.0019:  (0, 5, 1), 128125
0.0019:  (0, 6, 1), 128125
0.0019:  (0, 7, 1), 128125
0.0019:  (0, 8, 1), 128125
0.0019:  (0, 9, 1), 128125
0.0019:  (0, 10, 1), 128125
0.0019:  (0, 11, 1), 128125
0.0019:  (0, 0, 2), 128125
0.0019:  (0, 1, 2), 128125
0.0019:  (0, 2, 2), 128125
0.0019:  (0, 3, 2), 128125
0.0019:  (0, 4, 2), 128125
0.0019:  (0, 5, 2), 128125
0.0020:  (0, 6, 2), 128125
0.0019:  (0, 7, 2), 128125
0.0019:  (0, 8, 2), 128125
0.0019:  (0, 9, 2), 128125
0.0019:  (0, 10, 2), 128125
0.0019:  (0, 11, 2), 128125
0.0019:  (0, 0, 3), 128125
0.0019:  (0, 1, 3), 128125
0.0019:  (0, 2, 3), 128125
0.0019:  (0, 3, 3), 128125
0.0019:  (0, 4, 3), 128125
0.0019:  (0, 5, 3), 128125
0.0019:  (0, 6, 3), 128125
0.0019:  (0, 7, 3), 128125
0.0019:  (0, 8, 3), 128125
0.0019:  (0, 9, 3), 128125
0.0019:  (0, 10, 3), 128125
0.0019:  (0, 11, 3), 128125
0.0019:  (0, 0, 4), 128125
0.0019:  (0, 1, 4), 128125
0.0019:  (0, 2, 4), 128125
0.0019:  (0, 3, 4), 128125
0.0019:  (0, 4, 4), 128125
0.0019:  (0, 5, 4), 128125
0.0019:  (0, 6, 4), 128125
0.0019:  (0, 7, 4), 128125
0.0019:  (0, 8, 4), 128125
0.0019:  (0, 9, 4), 128125
0.0019:  (0, 10, 4), 128125
0.0019:  (0, 11, 4), 128125
0.0019:  (0, 0, 5), 128125
0.0019:  (0, 1, 5), 128125
0.0019:  (0, 2, 5), 128125
0.0019:  (0, 3, 5), 128125
0.0019:  (0, 4, 5), 128125
0.0019:  (0, 5, 5), 128125
0.0019:  (0, 6, 5), 128125
0.0019:  (0, 7, 5), 128125
0.0019:  (0, 8, 5), 128125
0.0019:  (0, 9, 5), 128125
0.0019:  (0, 10, 5), 128125
0.0019:  (0, 11, 5), 128125
0.0019:  (0, 0, 6), 128125
0.0019:  (0, 1, 6), 128125
0.0019:  (0, 2, 6), 128125
0.0019:  (0, 3, 6), 128125
0.0019:  (0, 4, 6), 128125
0.0019:  (0, 5, 6), 128125
0.0019:  (0, 6, 6), 128125
0.0019:  (0, 7, 6), 128125
0.0019:  (0, 8, 6), 128125
0.0019:  (0, 9, 6), 128125
0.0019:  (0, 10, 6), 128125
0.0019:  (0, 11, 6), 128125
0.0019:  (0, 0, 7), 128125
0.0019:  (0, 1, 7), 128125
0.0019:  (0, 2, 7), 128125
0.0019:  (0, 3, 7), 128125
0.0019:  (0, 4, 7), 128125
0.0019:  (0, 5, 7), 128125
0.0019:  (0, 6, 7), 128125
0.0019:  (0, 7, 7), 128125
0.0019:  (0, 8, 7), 128125
0.0019:  (0, 9, 7), 128125
0.0019:  (0, 10, 7), 128125
0.0019:  (0, 11, 7), 128125
0.0019:  (0, 0, 8), 128125
0.0019:  (0, 1, 8), 128125
0.0019:  (0, 2, 8), 128125
0.0019:  (0, 3, 8), 128125
0.0019:  (0, 4, 8), 128125
0.0019:  (0, 5, 8), 128125
0.0019:  (0, 6, 8), 128125
0.0019:  (0, 7, 8), 128125
0.0019:  (0, 8, 8), 128125
0.0019:  (0, 9, 8), 128125
0.0019:  (0, 10, 8), 128125
0.0019:  (0, 11, 8), 128125
0.0020:  (0, 0, 9), 128125
0.0019:  (0, 1, 9), 128125
0.0019:  (0, 2, 9), 128125
0.0019:  (0, 3, 9), 128125
0.0019:  (0, 4, 9), 128125
0.0019:  (0, 5, 9), 128125
0.0019:  (0, 6, 9), 128125
0.0019:  (0, 7, 9), 128125
0.0019:  (0, 8, 9), 128125
0.0019:  (0, 9, 9), 128125
0.0019:  (0, 10, 9), 128125
0.0019:  (0, 11, 9), 128125
0.0019:  (0, 0, 10), 128125
0.0019:  (0, 1, 10), 128125
0.0019:  (0, 2, 10), 128125
0.0019:  (0, 3, 10), 128125
0.0019:  (0, 4, 10), 128125
0.0019:  (0, 5, 10), 128125
0.0019:  (0, 6, 10), 128125
0.0019:  (0, 7, 10), 128125
0.0019:  (0, 8, 10), 128125
0.0019:  (0, 9, 10), 128125
0.0019:  (0, 10, 10), 128125
0.0019:  (0, 11, 10), 128125
0.0019:  (0, 0, 11), 128125
0.0019:  (0, 1, 11), 128125
0.0019:  (0, 2, 11), 128125
0.0019:  (0, 3, 11), 128125
0.0019:  (0, 4, 11), 128125
0.0020:  (0, 5, 11), 128125
0.0019:  (0, 6, 11), 128125
0.0019:  (0, 7, 11), 128125
0.0019:  (0, 8, 11), 128125
0.0019:  (0, 9, 11), 128125
0.0019:  (0, 10, 11), 128125
0.0019:  (0, 11, 11), 128125
0.0019:  (0, 0, 12), 128125
0.0019:  (0, 1, 12), 128125
0.0019:  (0, 2, 12), 128125
0.0019:  (0, 3, 12), 128125
0.0019:  (0, 4, 12), 128125
0.0019:  (0, 5, 12), 128125
0.0019:  (0, 6, 12), 128125
0.0019:  (0, 7, 12), 128125
0.0019:  (0, 8, 12), 128125
0.0019:  (0, 9, 12), 128125
0.0019:  (0, 10, 12), 128125
0.0019:  (0, 11, 12), 128125
0.0019:  (0, 0, 13), 128125
0.0019:  (0, 1, 13), 128125
0.0019:  (0, 2, 13), 128125
0.0019:  (0, 3, 13), 128125
0.0019:  (0, 4, 13), 128125
0.0019:  (0, 5, 13), 128125
0.0019:  (0, 6, 13), 128125
0.0019:  (0, 7, 13), 128125
0.0019:  (0, 8, 13), 128125
0.0019:  (0, 9, 13), 128125
0.0019:  (0, 10, 13), 128125
0.0019:  (0, 11, 13), 128125
0.0019:  (0, 0, 14), 128125
0.0019:  (0, 1, 14), 128125
0.0019:  (0, 2, 14), 128125
0.0019:  (0, 3, 14), 128125
0.0019:  (0, 4, 14), 128125
0.0019:  (0, 5, 14), 128125
0.0019:  (0, 6, 14), 128125
0.0020:  (0, 7, 14), 128125
0.0020:  (0, 8, 14), 128125
0.0019:  (0, 9, 14), 128125
0.0019:  (0, 10, 14), 128125
0.0019:  (0, 11, 14), 128125
0.0019:  (0, 0, 15), 128125
0.0019:  (0, 1, 15), 128125
0.0020:  (0, 2, 15), 128125
0.0019:  (0, 3, 15), 128125
0.0019:  (0, 4, 15), 128125
0.0019:  (0, 5, 15), 128125
0.0019:  (0, 6, 15), 128125
0.0019:  (0, 7, 15), 128125
0.0019:  (0, 8, 15), 128125
0.0019:  (0, 9, 15), 128125
0.0019:  (0, 10, 15), 128125
0.0019:  (0, 11, 15), 128125
0.0019:  (0, 0, 16), 128125
0.0019:  (0, 1, 16), 128125
0.0019:  (0, 2, 16), 128125
0.0019:  (0, 3, 16), 128125
0.0019:  (0, 4, 16), 128125
0.0019:  (0, 5, 16), 128125
0.0019:  (0, 6, 16), 128125
0.0019:  (0, 7, 16), 128125
0.0019:  (0, 8, 16), 128125
0.0019:  (0, 9, 16), 128125
0.0019:  (0, 10, 16), 128125
0.0019:  (0, 11, 16), 128125
0.0019:  (0, 0, 17), 128125
0.0019:  (0, 1, 17), 128125
0.0019:  (0, 2, 17), 128125
0.0019:  (0, 3, 17), 128125
0.0019:  (0, 4, 17), 128125
0.0019:  (0, 5, 17), 128125
0.0019:  (0, 6, 17), 128125
0.0019:  (0, 7, 17), 128125
0.0019:  (0, 8, 17), 128125
0.0019:  (0, 9, 17), 128125
0.0019:  (0, 10, 17), 128125
0.0019:  (0, 11, 17), 128125
0.0020:  (0, 0, 18), 128125
0.0019:  (0, 1, 18), 128125
0.0019:  (0, 2, 18), 128125
0.0019:  (0, 3, 18), 128125
0.0019:  (0, 4, 18), 128125
0.0019:  (0, 5, 18), 128125
0.0019:  (0, 6, 18), 128125
0.0019:  (0, 7, 18), 128125
0.0019:  (0, 8, 18), 128125
0.0019:  (0, 9, 18), 128125
0.0019:  (0, 10, 18), 128125
0.0019:  (0, 11, 18), 128125
0.0019:  (0, 0, 19), 128125
0.0019:  (0, 1, 19), 128125
0.0019:  (0, 2, 19), 128125
0.0019:  (0, 3, 19), 128125
0.0019:  (0, 4, 19), 128125
0.0019:  (0, 5, 19), 128125
0.0019:  (0, 6, 19), 128125
0.0019:  (0, 7, 19), 128125
0.0019:  (0, 8, 19), 128125
0.0019:  (0, 9, 19), 128125
0.0019:  (0, 10, 19), 128125
0.0019:  (0, 11, 19), 128125
0.0019:  (0, 0, 20), 128125
0.0019:  (0, 1, 20), 128125
0.0019:  (0, 2, 20), 128125
0.0019:  (0, 3, 20), 128125
0.0019:  (0, 4, 20), 128125
0.0019:  (0, 5, 20), 128125
0.0019:  (0, 6, 20), 128125
0.0019:  (0, 7, 20), 128125
0.0019:  (0, 8, 20), 128125
0.0019:  (0, 9, 20), 128125
0.0020:  (0, 10, 20), 128125
0.0019:  (0, 11, 20), 128125
0.0019:  (0, 0, 21), 128125
0.0019:  (0, 1, 21), 128125
0.0019:  (0, 2, 21), 128125
0.0019:  (0, 3, 21), 128125
0.0019:  (0, 4, 21), 128125
0.0019:  (0, 5, 21), 128125
0.0019:  (0, 6, 21), 128125
0.0019:  (0, 7, 21), 128125
0.0019:  (0, 8, 21), 128125
0.0019:  (0, 9, 21), 128125
0.0019:  (0, 10, 21), 128125
0.0019:  (0, 11, 21), 128125
0.0019:  (0, 0, 22), 128125
0.0019:  (0, 1, 22), 128125
0.0019:  (0, 2, 22), 128125
0.0019:  (0, 3, 22), 128125
0.0019:  (0, 4, 22), 128125
0.0019:  (0, 5, 22), 128125
0.0019:  (0, 6, 22), 128125
0.0019:  (0, 7, 22), 128125
0.0019:  (0, 8, 22), 128125
0.0019:  (0, 9, 22), 128125
0.0019:  (0, 10, 22), 128125
0.0019:  (0, 11, 22), 128125
0.0019:  (0, 0, 23), 128125
0.0019:  (0, 1, 23), 128125
0.0019:  (0, 2, 23), 128125
0.0020:  (0, 3, 23), 128125
0.0019:  (0, 4, 23), 128125
0.0019:  (0, 5, 23), 128125
0.0019:  (0, 6, 23), 128125
0.0019:  (0, 7, 23), 128125
0.0019:  (0, 8, 23), 128125
0.0019:  (0, 9, 23), 128125
0.0019:  (0, 10, 23), 128125
0.0019:  (0, 11, 23), 128125
0.0019:  (0, 0, 24), 128125
0.0019:  (0, 1, 24), 128125
0.0019:  (0, 2, 24), 128125
0.0019:  (0, 3, 24), 128125
0.0019:  (0, 4, 24), 128125
0.0019:  (0, 5, 24), 128125
0.0019:  (0, 6, 24), 128125
0.0019:  (0, 7, 24), 128125
0.0019:  (0, 8, 24), 128125
0.0019:  (0, 9, 24), 128125
0.0019:  (0, 10, 24), 128125
0.0019:  (0, 11, 24), 128125
0.0019:  (0, 0, 25), 128125
0.0019:  (0, 1, 25), 128125
0.0019:  (0, 2, 25), 128125
0.0019:  (0, 3, 25), 128125
0.0019:  (0, 4, 25), 128125
0.0019:  (0, 5, 25), 128125
0.0019:  (0, 6, 25), 128125
0.0019:  (0, 7, 25), 128125
0.0019:  (0, 8, 25), 128125
0.0019:  (0, 9, 25), 128125
0.0019:  (0, 10, 25), 128125
0.0019:  (0, 11, 25), 128125
0.0019:  (0, 0, 26), 128125
0.0019:  (0, 1, 26), 128125
0.0019:  (0, 2, 26), 128125
0.0019:  (0, 3, 26), 128125
0.0019:  (0, 4, 26), 128125
0.0019:  (0, 5, 26), 128125
0.0019:  (0, 6, 26), 128125
0.0019:  (0, 7, 26), 128125
0.0019:  (0, 8, 26), 128125
0.0019:  (0, 9, 26), 128125
0.0019:  (0, 10, 26), 128125
0.0019:  (0, 11, 26), 128125
0.0019:  (0, 0, 27), 128125
0.0019:  (0, 1, 27), 128125
0.0019:  (0, 2, 27), 128125
0.0019:  (0, 3, 27), 128125
0.0019:  (0, 4, 27), 128125
0.0019:  (0, 5, 27), 128125
0.0019:  (0, 6, 27), 128125
0.0019:  (0, 7, 27), 128125
0.0019:  (0, 8, 27), 128125
0.0019:  (0, 9, 27), 128125
0.0019:  (0, 10, 27), 128125
0.0019:  (0, 11, 27), 128125
0.0019:  (0, 0, 28), 128125
0.0019:  (0, 1, 28), 128125
0.0019:  (0, 2, 28), 128125
0.0019:  (0, 3, 28), 128125
0.0019:  (0, 4, 28), 128125
0.0019:  (0, 5, 28), 128125
0.0019:  (0, 6, 28), 128125
0.0019:  (0, 7, 28), 128125
0.0019:  (0, 8, 28), 128125
0.0019:  (0, 9, 28), 128125
0.0019:  (0, 10, 28), 128125
0.0020:  (0, 11, 28), 128125
0.0019:  (0, 0, 29), 128125
0.0019:  (0, 1, 29), 128125
0.0019:  (0, 2, 29), 128125
0.0019:  (0, 3, 29), 128125
0.0019:  (0, 4, 29), 128125
0.0019:  (0, 5, 29), 128125
0.0019:  (0, 6, 29), 128125
0.0019:  (0, 7, 29), 128125
0.0020:  (0, 8, 29), 128125
0.0019:  (0, 9, 29), 128125
0.0019:  (0, 10, 29), 128125
0.0019:  (0, 11, 29), 128125
0.0019:  (0, 0, 30), 128125
0.0019:  (0, 1, 30), 128125
0.0019:  (0, 2, 30), 128125
0.0019:  (0, 3, 30), 128125
0.0019:  (0, 4, 30), 128125
0.0019:  (0, 5, 30), 128125
0.0019:  (0, 6, 30), 128125
0.0019:  (0, 7, 30), 128125
0.0019:  (0, 8, 30), 128125
0.0019:  (0, 9, 30), 128125
0.0019:  (0, 10, 30), 128125
0.0019:  (0, 11, 30), 128125
0.0019:  (0, 0, 31), 128125
0.0147:  (0, 0, 0), 128125
0.0019:  (0, 1, 0), 128125
0.0019:  (0, 2, 0), 128125
0.0019:  (0, 3, 0), 128125
0.0019:  (0, 4, 0), 128125
0.0019:  (0, 5, 0), 128125
0.0019:  (0, 6, 0), 128125
0.0019:  (0, 7, 0), 128125
0.0019:  (0, 8, 0), 128125
0.0020:  (0, 9, 0), 128125
0.0019:  (0, 10, 0), 128125
0.0019:  (0, 11, 0), 128125
0.0019:  (0, 0, 1), 128125
0.0019:  (0, 1, 1), 128125
0.0019:  (0, 2, 1), 128125
0.0019:  (0, 3, 1), 128125
0.0019:  (0, 4, 1), 128125
0.0019:  (0, 5, 1), 128125
0.0019:  (0, 6, 1), 128125
0.0019:  (0, 7, 1), 128125
0.0019:  (0, 8, 1), 128125
0.0019:  (0, 9, 1), 128125
0.0019:  (0, 10, 1), 128125
0.0019:  (0, 11, 1), 128125
0.0019:  (0, 0, 2), 128125
0.0019:  (0, 1, 2), 128125
0.0019:  (0, 2, 2), 128125
0.0019:  (0, 3, 2), 128125
0.0019:  (0, 4, 2), 128125
0.0019:  (0, 5, 2), 128125
0.0019:  (0, 6, 2), 128125
0.0019:  (0, 7, 2), 128125
0.0019:  (0, 8, 2), 128125
0.0019:  (0, 9, 2), 128125
0.0019:  (0, 10, 2), 128125
0.0019:  (0, 11, 2), 128125
0.0019:  (0, 0, 3), 128125
0.0019:  (0, 1, 3), 128125
0.0019:  (0, 2, 3), 128125
0.0019:  (0, 3, 3), 128125
0.0019:  (0, 4, 3), 128125
0.0019:  (0, 5, 3), 128125
0.0019:  (0, 6, 3), 128125
0.0019:  (0, 7, 3), 128125
0.0019:  (0, 8, 3), 128125
0.0019:  (0, 9, 3), 128125
0.0019:  (0, 10, 3), 128125
0.0019:  (0, 11, 3), 128125
0.0019:  (0, 0, 4), 128125
0.0020:  (0, 1, 4), 128125
0.0019:  (0, 2, 4), 128125
0.0019:  (0, 3, 4), 128125
0.0019:  (0, 4, 4), 128125
0.0019:  (0, 5, 4), 128125
0.0019:  (0, 6, 4), 128125
0.0019:  (0, 7, 4), 128125
0.0019:  (0, 8, 4), 128125
0.0019:  (0, 9, 4), 128125
0.0019:  (0, 10, 4), 128125
0.0019:  (0, 11, 4), 128125
0.0019:  (0, 0, 5), 128125
0.0019:  (0, 1, 5), 128125
0.0019:  (0, 2, 5), 128125
0.0019:  (0, 3, 5), 128125
0.0019:  (0, 4, 5), 128125
0.0019:  (0, 5, 5), 128125
0.0019:  (0, 6, 5), 128125
0.0019:  (0, 7, 5), 128125
0.0019:  (0, 8, 5), 128125
0.0019:  (0, 9, 5), 128125
0.0019:  (0, 10, 5), 128125
0.0019:  (0, 11, 5), 128125
0.0019:  (0, 0, 6), 128125
0.0019:  (0, 1, 6), 128125
0.0019:  (0, 2, 6), 128125
0.0019:  (0, 3, 6), 128125
0.0019:  (0, 4, 6), 128125
0.0019:  (0, 5, 6), 128125
0.0019:  (0, 6, 6), 128125
0.0019:  (0, 7, 6), 128125
0.0019:  (0, 8, 6), 128125
0.0019:  (0, 9, 6), 128125
0.0019:  (0, 10, 6), 128125
0.0020:  (0, 11, 6), 128125
0.0019:  (0, 0, 7), 128125
0.0019:  (0, 1, 7), 128125
0.0019:  (0, 2, 7), 128125
0.0019:  (0, 3, 7), 128125
0.0019:  (0, 4, 7), 128125
0.0019:  (0, 5, 7), 128125
0.0019:  (0, 6, 7), 128125
0.0019:  (0, 7, 7), 128125
0.0019:  (0, 8, 7), 128125
0.0019:  (0, 9, 7), 128125
0.0019:  (0, 10, 7), 128125
0.0019:  (0, 11, 7), 128125
0.0019:  (0, 0, 8), 128125
0.0019:  (0, 1, 8), 128125
0.0019:  (0, 2, 8), 128125
0.0019:  (0, 3, 8), 128125
